-1827473347
1156636587
1162931124
-286307903
-200458149
870004699
579915367
975515685
-700237524
-1555572445
1093134619
-1267215003
-718122756
23655952
-1861127888
-115548682
-440487266
1214334615
212786061
-426608217
-598476358
540808154
327787605
1543220422
-55259262
912178927
2087244882
602948453
-1271986252
1819106724
840926520
1738626006
645137713
875019145
1123722779
833563631
1679511091
1378738348
-2124547026
-709749094
303477643
-495235897
-1450788936
-1571059436
1467833928
-804806023
-608196897
-1564011584
1315847765
1009204944
-228123948
-395762816
-1008497572
-2144175874
601522408
471302447
1398079051
-1476187784
-1296504651
1276482594
-251639303
-10546541
2133220528
-893317629
-1241146771
1370187604
1993930347
-733035081
1236391147
-1033637945
-377243258
2000727486
-412578929
1769463287
-552651413
-1201420250
1205355833
-204966391
1915330304
59489165
1016835149
2075392035
-2106773673
-949292553
-2065875616
423990530
1187788233
-1077645189
1884789942
-2112810816
1182386160
1543478609
1057086975
1273805744
-1441823286
2054991976
70090109
-12912921
-58992648
-1944378068
1494968248
-935816223
-2034629679
-239626578
-1039356249
579580829
-1879132018
-588767675
1118347668
-1508085447
-1327646985
1330994801
1942309543
863870993
-1133019120
1714616220
-1977451423
135347466
-1940401126
-1043163617
-582659099
-1499682568
-1660699015
-2082052720
-485514875
-1811074338
-1490401480
1030743695
255032622
1617439591
-1816853399
1715009915
1894832423
-15660603
-606263519
-2125629707
-1804241447
759883995
-1997703365
761281402
1192312776
153326866
-1058575373
-1708372026
-1143396037
-1150795748
742631700
1840196732
-482872155
-17254884
-75861841
1174739251
-1705499
-1960407418
362749538
733239421
675004137
1327320135
-1642227923
-364593815
195242186
1759454005
-1966546817
-2135480062
1200557996
168079216
1064085156
-1575964089
-1703121234
-463883309
-979957259
-774369078
-720478730
316399793
-714087551
781702890
69029094
535402654
-1392358083
1785982569
475675586
2133094342
1507156932
1507585809
-2037688046
401608520
-955768521
800112979
233927425
299878213
-772746572
-1045066560
-493107323
1097125365
1211025079
2029881311
-1868665624
-1056369403
-1289529585
-1574831310
2045425125
-422880054
-1549787933
-2043576530
1034092703
-1588820661
-1371616867
1029449423
-1912942778
424293007
521490694
1171388045
342272800
-99663294
797844009
2083005599
-1591109066
1127105614
-537149987
439578051
630141972
1283751293
877382057
2146686268
1560755994
1673958137
1582108625
-1588079949
-736410998
-1736823721
-1515572450
792015041
-1038736208
1687700517
732417739
-1959251237
-563728148
-1428437656
-1750202112
-197001747
-1321111887
-400025808
-844874566
-1102100531
1650699330
-1508170655
745657247
876595051
-1763163654
1182057027
-589192684
-912487012
1145451806
1026742554
-663547779
-309336386
1051679817
-1797861342
-637324156
791459364
-1823077161
-317076976
487672940
-481568194
-1788295528
976425328
911970868
783871074
522455897
151438355
-1231962262
-1242227529
119532245
686554457
-565521171
92150707
483962819
1229985422
1699797009
-1065108257
571603524
525870551
234709759
49464978
1442201968
-682446567
456519892
-1264018325
2084617114
-395473651
-1369835298
-18587282
-1984749423
2061865647
27111609
1737442836
-1726882458
-1172692374
-1571607287
1284552316
537655252
-1705530941
-60241290
-529980371
423807822
275538076
-1664437722
-471367766
2003126324
-578270986
-704453665
187174917
-1148126393
-1523588280
1291429573
516126624
-2091493379
-1720167099
-104654054
-207289930
492598998
246028589
-1498220264
-328184442
251893322
1706574986
-1943184061
2066310348
1526618492
1017640782
919072480
-31325162
-228699863
1463322279
879965458
-957206986
1049506871
-1932975071
-1008577381
988127322
-575218100
1405624441
-706861663
155560518
1650794175
-1575902333
1082067374
1637945925
189922687
-1307962331
-122685056
-322495153
-1371707929
-1995966763
-388531433
-1974622175
-320732119
-486063271
-553900409
-776230958
246332444
727938717
1473176108
-1909276288
35369836
-1757137752
1303605932
-2121349389
1252886020
-1091226319
921261964
525841956
1228930650
-1995855981
-543709386
851960604
-597067561
-107026262
54946482
-1208096501
1703328559
-704501463
1071230959
748208497
867551099
1015291800
795396863
-550568024
-811432016
671419314
-973657444
638800135
862374431
-947177579
-450590187
-856924600
-155226502
701057487
2084555218
1953084760
1215588468
1350154915
2127406085
1989237255
176373066
1486615834
-1135451047
704544879
-49268388
-1452863220
-716472931
982776447
1333485652
-1509448525
-884383521
1689288926
-73813142
1170557071
-1109609630
-170163383
-806485467
1707077964
612688710
-1666014819
156431480
996893764
765665687
1318362970
195213823
-1988053059
-1971103124
2115773473
1961016814
1144817284
802639919
178112013
510795982
-1513454492
883931639
-1561263230
342800504
-1152713827
1298719349
1660814788
1358007087
-2111476731
1439746887
-215865305
-649319208
1383738643
640681153
-902058417
67160098
1689294996
-16397319
-499292076
249470577
-183151279
417116832
94372032
-614360382
-64119316
-1349288329
-1407457412
-377322581
-1431831206
1945265092
49783658
-1773329261
-1140920673
152050936
249894850
1571944949
398593313
1096476773
1184840060
1492687755
1251491255
1712636568
-672754184
-856411834
-619434331
222662353
609664409
-53302062
-659102740
-1528094987
-650166308
-776982059
-1356946078
-1120142114
-1675794078
2103002828
1674220650
97411240
695845460
1578096944
645642494
1351126154
614062178
