-1992055759
1632360668
-1069179478
-492808020
1674465544
457116194
-1567564506
-1858223013
-1787423465
1230553687
-444332765
2033327471
126547702
1367379085
-686177621
-2054574886
1294951392
-1029296248
-837918567
1370481000
382874890
151108937
-1128079261
-1190074539
1908595645
1633548579
-822492910
545882417
1799437240
1728905074
380567728
-704798982
-1954181430
742272586
864107242
1862191804
-854784129
-1060855194
-1963203370
1344357404
-184169441
-1042444650
95381280
-2133035743
2024117799
-381813228
1520372971
-456042774
1415259037
-2034319962
